[ {
  "from" : 7,
  "to" : 4,
  "AVG_DURATION" : 2.7977867,
  "MIN_DURATION" : 9.386525,
  "MAX_DURATION" : 0.5891909,
  "COUNT" : 2.535259,
  "THROUGHPUT" : 6.173804,
  "ELEMENTS_PER_SECOND" : 4.878988,
  "ERRORS" : 6.9660444,
  "ERRORS_PER_SECOND" : 9.8069515,
  "ERROR_RATE" : 1.3949519,
  "AVG_TTFB" : 1.2555056,
  "MIN_TTFB" : 3.8127615,
  "MAX_TTFB" : 5.6644163,
  "AVG" : 1.5970081
}, {
  "from" : 7,
  "to" : 4,
  "AVG_DURATION" : 2.7977867,
  "MIN_DURATION" : 9.386525,
  "MAX_DURATION" : 0.5891909,
  "COUNT" : 2.535259,
  "THROUGHPUT" : 6.173804,
  "ELEMENTS_PER_SECOND" : 4.878988,
  "ERRORS" : 6.9660444,
  "ERRORS_PER_SECOND" : 9.8069515,
  "ERROR_RATE" : 1.3949519,
  "AVG_TTFB" : 1.2555056,
  "MIN_TTFB" : 3.8127615,
  "MAX_TTFB" : 5.6644163,
  "AVG" : 1.5970081
} ]