[ {
  "elementId" : "a6f2f595-7b62-4dc4-9368-a1cf670cd924",
  "userpath" : "MyUserpath",
  "count" : 6,
  "elementPerSecond" : 0.10263654,
  "minDuration" : 4,
  "maxDuration" : 8,
  "avgDuration" : 7.7403517,
  "minTTFB" : 3,
  "maxTTFB" : 3,
  "avgTTFB" : 7.0483656,
  "failureCount" : 5,
  "failureRate" : 3.2588565,
  "percentile50" : 4.078846,
  "percentile90" : 0.20253241,
  "percentile95" : 6.628464,
  "percentile99" : 4.2587733
}, {
  "elementId" : "a6f2f595-7b62-4dc4-9368-a1cf670cd924",
  "userpath" : "MyUserpath",
  "count" : 6,
  "elementPerSecond" : 0.10263654,
  "minDuration" : 4,
  "maxDuration" : 8,
  "avgDuration" : 7.7403517,
  "minTTFB" : 3,
  "maxTTFB" : 3,
  "avgTTFB" : 7.0483656,
  "failureCount" : 5,
  "failureRate" : 3.2588565,
  "percentile50" : 4.078846,
  "percentile90" : 0.20253241,
  "percentile95" : 6.628464,
  "percentile99" : 4.2587733
} ]